0 0.010332317073196411 0.7737999999999999 0.020664634146392823 0.3068000000000001
0 0.06279268292694297 0.871 0.013963414634373493 0.1124000000000001
0 0.09917378048769257 0.8175999999999999 0.015993902438800077 0.1944
0 0.12573475609742785 0.7264 0.029286585365586756 0.4496
0 0.1547957317073175 0.8085999999999999 0.009908536585365854 0.12760000000000002
0 0.22080487804872911 0.7144000000000001 0.0175731707316051 0.30960000000000004
0 0.2503140243902441 0.7888 0.009908536585365854 0.19760000000000003
0 0.2634908536586023 0.7797999999999999 0.015993902439155 0.15480000000000008
0 0.2958231707315887 0.6506000000000001 0.017121951219273686 0.5468
0 0.32837195121951396 0.7372000000000001 0.020048780487807717 0.264
0 0.34245426829268516 0.7492000000000001 0.03018902439024958 0.404
0 0.3564207317073488 0.807 0.015768292682989297 0.2884000000000001
0 0.3703871951220693 0.8298 0.018469512195357623 0.08519999999999993
0 0.3973079268291685 0.7964 0.039420731707118316 0.316
0 0.3907774390243963 0.7857999999999999 0.024554878048791844 0.17319999999999994
0 0.4234207317072244 0.7752 0.018475609755913 0.1944
0 0.4411036585365861 0.8677999999999999 0.020048780487807717 0.094
0 0.45968902439030707 0.7524000000000001 0.031536585365978594 0.3496
0 0.47635975609754044 0.7722 0.033341463414594395 0.21239999999999998
0 0.5235579268292332 0.8054 0.025457317073099745 0.158
0 0.532228658536556 0.7662 0.04010365853652574 0.3948000000000001
0 0.5288475609757178 0.836 0.025231707317288965 0.06079999999999995
0 0.6197500000000825 0.757 0.04392682926845737 0.4252
0 0.7016402439022738 0.8328 0.023426829267963314 0.152
0 0.7267347560975725 0.7554 0.03920121951221784 0.33720000000000006
0 0.9829908536585749 0.7367999999999999 0.014640243902515688 0.3848000000000001
0 0.9993231707317074 0.828 0.0013536585365852439 0.19520000000000004